-5081.7

-5082.645

-5084.233

-5087.093

-5073.858

-5079.959

-5081.134

-5082.864

-5069.567

-5082.135

-5081.092

-5081.526

-5075.75

-5080.318

-5078.234

-5081.015

-5081.147

-5082.705

-5082.375

-5082.777

-5071.882

-5074.516

-5070.329

-5071.391

-5064.422

-5071.372

-5069.155

-5071.113

-5062.115

-5067.494

-5062.933

-5067.126

-5066.73

-5066.73

-5062.506

-5063.879

-5067.957

-5070.92

-5070.68

-5071.999

-5059.094

-5062.013

-5063.612

-5064.561

-5054.338

-5064.062

-5051.63

-5061.722

-5057.842

-5061.112

-5060.202

-5062.48

-5054.605

-5056.546

-5048.297

-5052.475

-5056.121

-5065.284

-5048.365

-5054.899

-5034.471

-5050.639

-5049.643

-5058.727

-5047.919

-5048.202

-5041.485

-5050.85

-5043.077

-5047.735

-5040.581

-5041.106

-5031.494

-5031.494

-5025.571

-5033.008

-5022.781

-5042.448

-5037.727

-5040.249

-5026.392

-5030.538

-5034.592

-5038.01

-5033.485

-5039.295

-5031.348

-5032.275

-5039.178

-5042.093

-5021.531

-5021.531

-5028.293

-5034.361

-5032.162

-5033.702

-5034.15

-5034.271

-5020.683

-5022.723

-5006.958

-5025.029

-5028.508

-5028.794

-5004.111

-5015.158

-5012.02

-5015.114

-5010.423

-5011.478

-2702.608

-4999.83

-5007.142

-5010.038

-4796.48

-4825.593

-4786.6





4
-4793.967
-4808.077
-4814.842
-4792.385
-4807.658
-4805.799
-4814.66
-4785.851
-4802.273
-4792.694
-4796.154
-4707.973
-4788.112
-4800.55
-4804.803
-4773.887
-4781.6
-4779.606
-4779.606
-4786.97
-4788.283
-4203.336
-4757.461
-4482.967
-4482.967
-3457.02
-4570.701
-3908.163
-4450.961
-3901.258
-4485.878
-3002.747
-3760.316
10152.94
-3361.567
-4035.805
-4457.344
-4050.94
-4058.675
-1818.717
-4365.995
-4026.42
-4715.863
-2690.07
-4732.17
-3716.475
-4404.523
-3923.44
-4762.756
-4664.169
-4778.595
-4779.186
-4792.886
-4765.885
-4794.223
10176.26
10176.26
10183.85
10142.99
10156.97
10137.57
10174.16
-94.16662
10185.42
10185.42
10170.36
10170.36
10158.58
10139.65
10148.51
-553.4552
10203.46
10154.63
10172.11
10142.6
10195.29
10147.22
10180.47
10147.01
10171.59
10160.62
10184.07
10182.94
UnityEngine.Debug:Log(Object)
EvolutionScript:Update() (at Assets/Scripts/EvolutionScript.cs:49)
