Fitness = -5220.808
-5220.808
-5196.891
-5203.32
-5193.208
-5209.636
-5211.926
-5230.194
-5196.814
-5196.814
-5188.291
-5202.078
-5201.581
-5201.581
-5197.405
-5197.405
-5199.112
-5210.315
-5184.719
-5184.719
-5188.233
-5188.233
-5178.886
-5183.417
-5181.441
-5193.697
-5187.979
-5196.337
-5168.553
-5168.553
-5184.05
-5191.405
-5177.159
-5193.631
-5163.459
-5163.459
-5160.493
-5173.191
-5154.326
-5169.599
-5165.697
-5196.704
-5150.295
-5161.756
-5178.223
-5192.144
-5167.893
-5193.858
-5163.036
-5163.036
-5168.469
-5168.469
-5179.541
-5189.878
-5160.054
-5160.054
-5177.128
-5177.128
-5167.347
-5167.347
-5162.36
-5175.621
-5149.805
-5149.8059
691.529
-3486.09
-5178.051
-5178.126
9751.395
9751.395
-1261.136
-1261.136
9702.851
9702.851
9719.593
9706.839
9572.122
9572.122
9663.584
-4498.564
9798.568
-5171.444
9795.818
9729.134
9704.354
9704.354
9737.149
9719.723
9777.271
-4928.773
9784.704
9784.704
9798.188
9798.188
9812.761
9754.274
9745.109
9745.109
9808.603
9808.603
9809.807
9656.06
9821.986
9821.986
9835.03
9797.751
9765.87
9765.87
9821.064
9821.064
9803.769
9803.769
9818.173
-5227.155
9850.118
9850.118
9846.146
9846.146
9863.052
9846.27
