-4890.767

-4896.537

-4869.38

-4871.717

-4865.119

-4869.48

-4862.477

-4862.878

-4849.807

-4853.339

-4839.924

-4841.383

-4864.549

-4866.305

-4847.368

-4851.723

-4839.505

-4850.522

-4846.782

-4846.892

-4850.339

-4852.021

-4842.766

-4848.981

-4843.572

-4850.962

-4846.118

-4860.591

-4843.101

-4846.567

-4854.714

-4855.552

-4855.314

-4855.898

-4858.645

-4865.114

-4866.659

-4868.123

-4828.475

-4858.81

-4858.282

-4862.12

-4859.32

-4864.422

-4861.836

-4862.138

-4845.409

-4852.514

-4833.415

-4862.149

-4849.451

-4853.757

-4852.548

-4853.807

-4850.448

-4859.014

-4826.479

-4843.296

-4851.137

-4860.88

-4825.147

-4841.092

-4848.871

-4850.354

-4832.903

-4856.343

-4831.561

-4844.716

-4853.062

-4857.611

-4839.047

-4839.047

-4835.416

-4861.018

-4845.748

-4845.748

-4851.431

-4851.431

-4831.544

-4850.143

-4858.417

-4859.914

-4833.769

-4850.006

-4837.806

-4843.184

-4829.75

-4845.231

-4028.57

-4840.991

-3461.294

-4781.115

-4763.881

-4833.784

-3732.131

-4822.962

-2324.628

-3207.389

-3230.614

-3230.614

-3043.7
-3540.761

-3680.943

-3680.943

-2580.531

-4025.391

-3623.173

-4846.109

-2491.535

-3260.458

-3172.93

-3613.01

-4014.309

-4798.192

-3190.779

-3953.72

-3247.098

-3506.115

-3421.802

-3629.513

-2871.246

-3162.27

-3160.711

-3181.991

-3410.728

-3577.069

-3025.538

-3025.538

-2832.955

-3057.301

-3017.317

-3475.91

-2642.014

-2753.063

-2786.292

-2912.119

-3186.131

-3433.718

-3602.252

-3774.4

-2754.756

-2819.32

-2369.148

-3240.636

-3099.316

-3180.336

-2929.065

-3111.589

-3021.355

-3877.074

-2668.542

-2901.353

-3210.543

-3249.851

-3000.064

-3474.154

-2821.535

-2948.342

-3778.249

-3778.249

-2868.174

-3284.45

-3260.631

-4287.48

-2401.215
-2800.183

-2545.608

-3110.418

-3414.758

-3515.437

-1476.825

-2588.249

-1389.532

-1948.022

-2738.281

-2814.886

-2219.549

-2309.816

-1347.303

-1807.94

-1655.291

-2431.347

-1566.603

-1571.464

-1488.634

-1935.974

-1958.526

-2225.065

-2523.484

-2538.129

-2767.096

-2846.047

-1659.421

-1794.461

-2658.29

-3219.13

-1981.546

-2294.242

-1322.748

-2155.456



